initial: 6
0.76827 0.00000 0.05617 0.17556 0.00000 0.00000

transition: 6
0.29896 0.14280 0.40200 0.00814 0.00005 0.14805
0.22199 0.34252 0.40880 0.02662 0.00000 0.00006
0.02384 0.59391 0.01842 0.35679 0.00045 0.00659
0.01563 0.19932 0.00728 0.57854 0.00025 0.19897
0.10618 0.00015 0.00000 0.00000 0.53045 0.36322
0.03489 0.38704 0.00000 0.00000 0.32209 0.25597

observation: 6
0.67470 0.45468 0.25264 0.08651 0.00950 0.09386
0.01923 0.05625 0.47396 0.08828 0.10865 0.07657
0.29601 0.00776 0.22858 0.19154 0.10672 0.30374
0.00932 0.48098 0.03318 0.00000 0.01436 0.42437
0.00074 0.00033 0.01164 0.63368 0.00574 0.10144
0.00000 0.00000 0.00000 0.00000 0.75502 0.00002
