initial: 6
0.77089 0.00000 0.05384 0.17528 0.00000 0.00000

transition: 6
0.27344 0.14028 0.41313 0.02703 0.00000 0.14611
0.01666 0.37973 0.56650 0.03711 0.00000 0.00000
0.03994 0.58206 0.05027 0.32739 0.00000 0.00034
0.02879 0.18187 0.00045 0.57448 0.00037 0.21405
0.10782 0.00001 0.00000 0.00000 0.57507 0.31711
0.02486 0.43015 0.00034 0.00000 0.32438 0.22027

observation: 6
0.95667 0.44273 0.25671 0.07428 0.01694 0.09099
0.01580 0.04332 0.47650 0.09363 0.10941 0.07793
0.01642 0.02974 0.24044 0.83139 0.10738 0.32389
0.01112 0.48422 0.02635 0.00069 0.05609 0.40972
0.00000 0.00000 0.00000 0.00000 0.01795 0.09746
0.00000 0.00000 0.00000 0.00000 0.69223 0.00000
