initial: 6
0.48800 0.51200 0.00000 0.00000 0.00000 0.00000

transition: 6
0.26598 0.40789 0.01668 0.30641 0.00085 0.00220
0.00969 0.50453 0.20357 0.00062 0.00035 0.28125
0.01301 0.00388 0.21561 0.76257 0.00145 0.00348
0.00080 0.00993 0.01090 0.24221 0.53154 0.20462
0.00000 0.00000 0.00000 0.00000 0.50103 0.49897
0.78101 0.00028 0.03678 0.18192 0.00000 0.00000

observation: 6
0.00018 0.29711 0.01150 0.10193 0.29828 0.09689
0.07941 0.40065 0.00113 0.09892 0.00000 0.09903
0.42072 0.19758 0.46575 0.29560 0.30255 0.00000
0.49969 0.10466 0.47815 0.40379 0.00000 0.00000
0.00000 0.00000 0.04346 0.09976 0.00000 0.80407
0.00000 0.00000 0.00000 0.00000 0.39916 0.00000
