initial: 6
0.00034 0.16168 0.05494 0.20744 0.00000 0.57560

transition: 6
0.15796 0.49199 0.34890 0.00021 0.00018 0.00077
0.14380 0.42612 0.26264 0.09277 0.00000 0.07467
0.54859 0.02854 0.06970 0.35272 0.00024 0.00022
0.19509 0.01502 0.00746 0.59135 0.00017 0.19091
0.00179 0.11078 0.00000 0.00000 0.52568 0.36176
0.40136 0.00687 0.00000 0.00000 0.32959 0.26218

observation: 6
0.46352 0.58960 0.17429 0.09911 0.01185 0.09569
0.00851 0.08829 0.53900 0.09256 0.09849 0.08657
0.00123 0.21176 0.19502 0.19270 0.10924 0.31680
0.52662 0.11026 0.08545 0.00000 0.01745 0.39648
0.00011 0.00008 0.00624 0.61563 0.00363 0.10447
0.00000 0.00000 0.00000 0.00000 0.75934 0.00000
